-15081.00 -15049.00
-14982.00 -14968.00
-14911.00 -14979.00
-15044.00 -15000.00
-14675.00 -14944.00
-15117.00 -14962.00
-14922.00 -14971.00
-15031.00 -15000.00
-15105.00 -15000.00
-15081.00 -15051.00
-15041.00 -15045.00
-14954.00 -15044.00
-15048.00 -15048.00
-15059.00 -15041.00
-14962.00 -15032.00
-15022.00 -15018.00
-14962.00 -15019.00
-15037.00 -15013.00
-15025.00 -15012.00
-15101.00 -15009.00
-15084.00 -15012.00
-14705.00 -14982.00
-15098.00 -14989.00
-15002.00 -14974.00
-14989.00 -14955.00
-15084.00 -14963.00
-15101.00 -15007.00
-15028.00 -14998.00
-15091.00 -15020.00
-14981.00 -15035.00
-14987.00 -15025.00
-15064.00 -15026.00
-14888.00 -15019.00
-14881.00 -14996.00
-14852.00 -14989.00
-15031.00 -14990.00
-15019.00 -14985.00
-15022.00 -14994.00
-14966.00 -15009.00
-15085.00 -15030.00
-15006.00 -15030.00
-15007.00 -14990.00
-14987.00 -14994.00
-14723.00 -14958.00
-14971.00 -14953.00
-14982.00 -14951.00
-15005.00 -14983.00
-15022.00 -14973.00
-14913.00 -14987.00
-15023.00 -14989.00
-15064.00 -15006.00
-15075.00 -15010.00
-15040.00 -15019.00
-15006.00 -15044.00
-15088.00 -15048.00
-14964.00 -15023.00
-14948.00 -15022.00
-14949.00 -14992.00
-15031.00 -14978.00
-14984.00 -14961.00
-14667.00 -14927.00
-14891.00 -14905.00
-15040.00 -14920.00
-15039.00 -14905.00
-15028.00 -14917.00
-14926.00 -14950.00
-15068.00 -14981.00
-14920.00 -14973.00
-15011.00 -14997.00
-14969.00 -14998.00
-14987.00 -15003.00
-15089.00 -15002.00
-14977.00 -15013.00
-15005.00 -15006.00
-15120.00 -15025.00
-14953.00 -15027.00
-15131.00 -15020.00
-14820.00 -15013.00
-15084.00 -15014.00
-15080.00 -14998.00
-14990.00 -14969.00
-14934.00 -14965.00
-14730.00 -14937.00
-14995.00 -14945.00
-14980.00 -14932.00
-15002.00 -14960.00
-14986.00 -14967.00
-15011.00 -15004.00
-14993.00 -14999.00
-14989.00 -14997.00
-15065.00 -14989.00
-15005.00 -14989.00
-15073.00 -14989.00
-15033.00 -14992.00
-15067.00 -14999.00
-14977.00 -14994.00
-15096.00 -15009.00
-15082.00 -15010.00
-14985.00 -15013.00
-14689.00 -14995.00
-14990.00 -15002.00
-15017.00 -14983.00
-15104.00 -14958.00
-14971.00 -14970.00
-14964.00 -14967.00
-15051.00 -14992.00
-15010.00 -14991.00
-14977.00 -15007.00
-14986.00 -14999.00
-15015.00 -15020.00
-15052.00 -15015.00
-14993.00 -15019.00
-15041.00 -15030.00
-15025.00 -15026.00
-14975.00 -15028.00
-15022.00 -15019.00
-14893.00 -15009.00
-15120.00 -15023.00
-15011.00 -15015.00
-14970.00 -14980.00
-14936.00 -14977.00
-15033.00 -14993.00
-14878.00 -14968.00
-15019.00 -14966.00
-15088.00 -15007.00
-15041.00 -15011.00
-14984.00 -15002.00
-15123.00 -15028.00
-14987.00 -15026.00
-15064.00 -15034.00
-15015.00 -15031.00
-14906.00 -15015.00
-14981.00 -14997.00
-14898.00 -14984.00
-14929.00 -14965.00
-15049.00 -14974.00
-15064.00 -14978.00
-14918.00 -14976.00
-14693.00 -14967.00
-14922.00 -14965.00
-15069.00 -14971.00
-14955.00 -14977.00
-15005.00 -14979.00
-15035.00 -15012.00
-15027.00 -15023.00
-14995.00 -15007.00
-15003.00 -15012.00
-15047.00 -15024.00
-15059.00 -15019.00
-15028.00 -15021.00
-15051.00 -15025.00
-15049.00 -15045.00
-15082.00 -15042.00
-14960.00 -15043.00
-15027.00 -15040.00
-14936.00 -15036.00
-15052.00 -15009.00
-14953.00 -14995.00
-15025.00 -14968.00
-15055.00 -14952.00
-14984.00 -14947.00
-14990.00 -14950.00
-14978.00 -14959.00
-15037.00 -14997.00
-14920.00 -14998.00
-15153.00 -15016.00
-15092.00 -15026.00
-15025.00 -15025.00
-15091.00 -15030.00
-14874.00 -15037.00
-15069.00 -15032.00
-15092.00 -15039.00
-14997.00 -15030.00
-14986.00 -15016.00
-14962.00 -15029.00
-14945.00 -15011.00
-15117.00 -15014.00
-14693.00 -14991.00
-14923.00 -14991.00
-15065.00 -14992.00
-15043.00 -15007.00
-14937.00 -14992.00
-15006.00 -15028.00
-14978.00 -15019.00
-15014.00 -15007.00
-14934.00 -15003.00
-14931.00 -15005.00
-15057.00 -15000.00
-14961.00 -14994.00
-15013.00 -15009.00
-14986.00 -15012.00
-15029.00 -15019.00
-15089.00 -15020.00
-15013.00 -15046.00
-14921.00 -15023.00
-15022.00 -15013.00
-15102.00 -15013.00
-14986.00 -14986.00
-14801.00 -14951.00
-14922.00 -14969.00
-14911.00 -14964.00
-15286.00 -15010.00
-14884.00 -15015.00
-15168.00 -15054.00
-15221.00 -15052.00
-15133.00 -15045.00
-14909.00 -14982.00
-15053.00 -15009.00
-15025.00 -14987.00
-14981.00 -14992.00
-14977.00 -15005.00
-14865.00 -15007.00
-14991.00 -14988.00
-15031.00 -15002.00
-15087.00 -14972.00
-14873.00 -14959.00
-14765.00 -14944.00
-15056.00 -14964.00
-14958.00 -14957.00
-15011.00 -14987.00
-14970.00 -15006.00
-14991.00 -15023.00
-14905.00 -15003.00
-14969.00 -15005.00
-15049.00 -14995.00
-14980.00 -14995.00
-15105.00 -15011.00
-15040.00 -15035.00
-14938.00 -15029.00
-14930.00 -15026.00
-15155.00 -15046.00
-14930.00 -15017.00
-15080.00 -15005.00
-14837.00 -15001.00
-15119.00 -15014.00
-15075.00 -15001.00
-15032.00 -15024.00
-14990.00 -15014.00
-14994.00 -15026.00
-14964.00 -15030.00
-15051.00 -15024.00
-15039.00 -15021.00
-15002.00 -15046.00
-14977.00 -15018.00
-15084.00 -15020.00
-15009.00 -15020.00
-15043.00 -15015.00
-15040.00 -15018.00
-14954.00 -15021.00
-15075.00 -15016.00
-14948.00 -14999.00
-15059.00 -15000.00
-14949.00 -14982.00
-15072.00 -14982.00
-14974.00 -14977.00
-14952.00 -14981.00
-15002.00 -14996.00
-14987.00 -14993.00
-15024.00 -15028.00
-15028.00 -15036.00
-14950.00 -15047.00
-15089.00 -15042.00
-14941.00 -15042.00
-14989.00 -15028.00
-15018.00 -15020.00
-15001.00 -15016.00
-14961.00 -15007.00
-14968.00 -15014.00
-15113.00 -15019.00
-15035.00 -15010.00
-15108.00 -15029.00
-15071.00 -15033.00
-14729.00 -15006.00
-15145.00 -15015.00
-15051.00 -15031.00
-14986.00 -15018.00
-14985.00 -15020.00
-14945.00 -15043.00
-14918.00 -15027.00
-15064.00 -15021.00
-14984.00 -15027.00
-14955.00 -15011.00
-15006.00 -15013.00
-15019.00 -15029.00
-15080.00 -15027.00
-15039.00 -15024.00
-14994.00 -15038.00
-15155.00 -15045.00
-14921.00 -15017.00
-14778.00 -14993.00
-15041.00 -14990.00
-15061.00 -15002.00
-15102.00 -14984.00
-15105.00 -15011.00
-15001.00 -15026.00
-14954.00 -15018.00
-15015.00 -15003.00
-15000.00 -15010.00
-14971.00 -14995.00
-15087.00 -15015.00
-14980.00 -15011.00
-14980.00 -15019.00
-14926.00 -15015.00
-15041.00 -15020.00
-14985.00 -15012.00
-15081.00 -15017.00
-14891.00 -15004.00
-14966.00 -15002.00
-14977.00 -14989.00
-14843.00 -14934.00
-15047.00 -14943.00
-15010.00 -14951.00
-15001.00 -14958.00
-15133.00 -14983.00
-15078.00 -15029.00
-14978.00 -15012.00
-15059.00 -15013.00
-15124.00 -15018.00
-15171.00 -15016.00
-14902.00 -14997.00
-14965.00 -15008.00
-15132.00 -15022.00
-15044.00 -15025.00
-15142.00 -15023.00
-14937.00 -15033.00
-14909.00 -15010.00
-14950.00 -14994.00
-15113.00 -14995.00
-14675.00 -14955.00
-14944.00 -14964.00
-15015.00 -14976.00
-15059.00 -14977.00
-14931.00 -14960.00
-15000.00 -14982.00
-15025.00 -14995.00
-14969.00 -14999.00
-15080.00 -15006.00
-15076.00 -15028.00
-15057.00 -15040.00
-15044.00 -15040.00
-14898.00 -15037.00
-14970.00 -15024.00
-14985.00 -15004.00
-14994.00 -14990.00
-15107.00 -14990.00
-14753.00 -14962.00
-15068.00 -14970.00
-15128.00 -14995.00
-14877.00 -14951.00
-15153.00 -14974.00
-14957.00 -15012.00
-15051.00 -15004.00
-15060.00 -15009.00
-15025.00 -15057.00
-15064.00 -15023.00
-14933.00 -15002.00
-15105.00 -15021.00
-14953.00 -14996.00
-15075.00 -15001.00
-15060.00 -15008.00
-15045.00 -15035.00
-15091.00 -15034.00
-14997.00 -15042.00
-15051.00 -15042.00
-15052.00 -15056.00
-14957.00 -15031.00
-14985.00 -15028.00
-15011.00 -15023.00
-15017.00 -15024.00
-15003.00 -15004.00
-15024.00 -15024.00
-14942.00 -15023.00
-15015.00 -15027.00
-14994.00 -15034.00
-14995.00 -15024.00
-14925.00 -15016.00
-15242.00 -15022.00
-14858.00 -15004.00
-15073.00 -15007.00
-15081.00 -15039.00
-15010.00 -15041.00
-14834.00 -15003.00
-15011.00 -15015.00
-15155.00 -15023.00
-14754.00 -14973.00
-14991.00 -14974.00
-15041.00 -15011.00
-14980.00 -15010.00
-14970.00 -14998.00
-14926.00 -15020.00
-15022.00 -15022.00
-14938.00 -14996.00
-14938.00 -15006.00
-15017.00 -14996.00
-14852.00 -14992.00
-15072.00 -14997.00
-15081.00 -15015.00
-15010.00 -15006.00
-15014.00 -15013.00
-15027.00 -15021.00
-15043.00 -15036.00
-14707.00 -14993.00
-15098.00 -14993.00
-15059.00 -14987.00
-15057.00 -14968.00
-15076.00 -14965.00
-14957.00 -15007.00
-15003.00 -15006.00
-15069.00 -15015.00
-14965.00 -15028.00
-15043.00 -15015.00
-14926.00 -15005.00
-14981.00 -15016.00
-15092.00 -15035.00
-15057.00 -15050.00
-15132.00 -15059.00
-14781.00 -15038.00
-15019.00 -15053.00
-14789.00 -15022.00
-15033.00 -15011.00
-15043.00 -15014.00
-15087.00 -15028.00
-14986.00 -15009.00
-14998.00 -15012.00
-15007.00 -15026.00
-14954.00 -15016.00
-14981.00 -15021.00
-14980.00 -15021.00
-14960.00 -15004.00
-14994.00 -14993.00
-15022.00 -14989.00
-15009.00 -14992.00
-15010.00 -14985.00
-14934.00 -14999.00
-15062.00 -15002.00
-14975.00 -15006.00
-14960.00 -15000.00
-15002.00 -15001.00
-15011.00 -14982.00
-14958.00 -14973.00
-14798.00 -14941.00
-14985.00 -14955.00
-15005.00 -14962.00
-14987.00 -14974.00
-15007.00 -14995.00
-14945.00 -15006.00
-15093.00 -15013.00
-15098.00 -15007.00
-15011.00 -15020.00
-15041.00 -15006.00
-14989.00 -15024.00
-14948.00 -15001.00
-15040.00 -15003.00
-14987.00 -14992.00
-15136.00 -15011.00
-15064.00 -15015.00
-14910.00 -15019.00
-14961.00 -15014.00
-15094.00 -15011.00
-15033.00 -14994.00
-14944.00 -14948.00
-15081.00 -14960.00
-14973.00 -14964.00
-15022.00 -14991.00
-14985.00 -15005.00
-15125.00 -15060.00
-14936.00 -15046.00
-15006.00 -15031.00
-15040.00 -15022.00
-14934.00 -14998.00
-14866.00 -14974.00
-15091.00 -14993.00
-14851.00 -14989.00
-14917.00 -14978.00
-14911.00 -14970.00
-15027.00 -14981.00
-15027.00 -14978.00
-15065.00 -14974.00
-15133.00 -14988.00
-14995.00 -15002.00
-14966.00 -14991.00
-14975.00 -14977.00
-14978.00 -14994.00
-14950.00 -14982.00
-14982.00 -14981.00
-14990.00 -15004.00
-15121.00 -15022.00
-15031.00 -15031.00
-14990.00 -15036.00
-14958.00 -15036.00
-14971.00 -15029.00
-15052.00 -15019.00
-15116.00 -15016.00
-15006.00 -15013.00
-15002.00 -15019.00
-15041.00 -15034.00
-14688.00 -15012.00
-15035.00 -15002.00
-15180.00 -15016.00
-15080.00 -15018.00
-14941.00 -14999.00
-15072.00 -15034.00
-15055.00 -15052.00
-15027.00 -15037.00
-15014.00 -15044.00
-15097.00 -15059.00
-14977.00 -15039.00
-15036.00 -15035.00
-14937.00 -15026.00
-15057.00 -15019.00
-15002.00 -15003.00
-14986.00 -15009.00
-15049.00 -15022.00
-14914.00 -15017.00
-15097.00 -15017.00
-15011.00 -15015.00
-14921.00 -14973.00
-15064.00 -14961.00
-14936.00 -14967.00
-15062.00 -14957.00
-14973.00 -14958.00
-15071.00 -15003.00
-14922.00 -15001.00
-15128.00 -15011.00
-15001.00 -15018.00
-15085.00 -15035.00
-14945.00 -15036.00
-15002.00 -15021.00
-14948.00 -15010.00
-15094.00 -15015.00
-15087.00 -15018.00
-15045.00 -15008.00
-14944.00 -15014.00
-14888.00 -14992.00
-14970.00 -14978.00
-14708.00 -14939.00
-15109.00 -14965.00
-15029.00 -14977.00
-14902.00 -14996.00
-15085.00 -15005.00
-15052.00 -15024.00
-14985.00 -15006.00
-15094.00 -15015.00
-14893.00 -15030.00
-14933.00 -15026.00
-15010.00 -15018.00
-15039.00 -15031.00
-15044.00 -15021.00
-15017.00 -15021.00
-14964.00 -15011.00
-14897.00 -15007.00
-15085.00 -15001.00
-14962.00 -15000.00
-15001.00 -15001.00
-14968.00 -15006.00
-15100.00 -15007.00
-14997.00 -14987.00
-14929.00 -14978.00
-14984.00 -14990.00
-14918.00 -14993.00
-15093.00 -15013.00
-15089.00 -15029.00
-15007.00 -15042.00
-15148.00 -15037.00
-14974.00 -15049.00
-15035.00 -15043.00
-15061.00 -15047.00
-14922.00 -15024.00
-15028.00 -15004.00
-14986.00 -14991.00
-15033.00 -14986.00
-14957.00 -14982.00
-15096.00 -14977.00
-14858.00 -14983.00
-14704.00 -14964.00
-15100.00 -14984.00
-14880.00 -14966.00
-15028.00 -14989.00
-15059.00 -15002.00
-15089.00 -15038.00
-15057.00 -15000.00
-15057.00 -15039.00
-15112.00 -15039.00
-15006.00 -15032.00
-15149.00 -15034.00
-14994.00 -15050.00
-15098.00 -15026.00
-14945.00 -15010.00
-15125.00 -15021.00
-14957.00 -14986.00
-15055.00 -15008.00
-14700.00 -14974.00
-14948.00 -14977.00
-15107.00 -14965.00
-14950.00 -14982.00
-15067.00 -14978.00
-14923.00 -15007.00
-15025.00 -15018.00
-14927.00 -15014.00
-14981.00 -15018.00
-15044.00 -15019.00
-14880.00 -15017.00
-15088.00 -15026.00
-14968.00 -15012.00
-15056.00 -15028.00
-15003.00 -15013.00
-15056.00 -15017.00
-15051.00 -15026.00
-14872.00 -15030.00
-15029.00 -15012.00
-14980.00 -14998.00
-14994.00 -14966.00
-15119.00 -14947.00
-15107.00 -14975.00
-15102.00 -14982.00
-14984.00 -14997.00
-15013.00 -15031.00
-15192.00 -15062.00
-14923.00 -15024.00
-15182.00 -15048.00
-14936.00 -15049.00
-15092.00 -15061.00
-14971.00 -15027.00
-14906.00 -15040.00
-15029.00 -15005.00
-14991.00 -15014.00
-15032.00 -15001.00
-15120.00 -15001.00
-14752.00 -14985.00
-15011.00 -14986.00
-14734.00 -14964.00
-15019.00 -14966.00
-15092.00 -14979.00
-14926.00 -14994.00
-15129.00 -15013.00
-14922.00 -15016.00
-15024.00 -15006.00
-14918.00 -14987.00
-14929.00 -14994.00
-15013.00 -14987.00
-14998.00 -14994.00
-15104.00 -15006.00
-15111.00 -15040.00
-14927.00 -15035.00
-15033.00 -15031.00
-15006.00 -15028.00
-15119.00 -15029.00
-14810.00 -14977.00
-15027.00 -14978.00
-15068.00 -14988.00
-14971.00 -14959.00
-14968.00 -14939.00
-15011.00 -14961.00
-15133.00 -14986.00
-14987.00 -14972.00
-14944.00 -15015.00
-14917.00 -15026.00
-14981.00 -15033.00
-15035.00 -15023.00
-15009.00 -15024.00
-14990.00 -15022.00
-15115.00 -15026.00
-15094.00 -15036.00
-14973.00 -15021.00
-14864.00 -15015.00
-14833.00 -14992.00
-15089.00 -14996.00
-15053.00 -14959.00
-14958.00 -14967.00
-14693.00 -14935.00
-15102.00 -14976.00
-15068.00 -14970.00
-14997.00 -14996.00
-14937.00 -15002.00
-15060.00 -15047.00
-15040.00 -15029.00
-14984.00 -15031.00
-14973.00 -15021.00
-15007.00 -15033.00
-14985.00 -15019.00
-15051.00 -15014.00
-15018.00 -15011.00
-15003.00 -15013.00
-15084.00 -15005.00
-14998.00 -15006.00
-14965.00 -15006.00
-14778.00 -14979.00
-14954.00 -14971.00
-15052.00 -14966.00
-15041.00 -14973.00
-15117.00 -14992.00
-15006.00 -15028.00
-14958.00 -15036.00
-14950.00 -15031.00
-15073.00 -15036.00
-15092.00 -15015.00
-14998.00 -15002.00
-15024.00 -15019.00
-15065.00 -15015.00
-15098.00 -15019.00
-15006.00 -15025.00
-15011.00 -15028.00
-15075.00 -15031.00
-14958.00 -15021.00
-15002.00 -15000.00
-14949.00 -14993.00
-14991.00 -14965.00
-14889.00 -14926.00
-15022.00 -14947.00
-15060.00 -14965.00
-15007.00 -14972.00
-15037.00 -15012.00
-15088.00 -15043.00
-15009.00 -15034.00
-14971.00 -15031.00
-14965.00 -15026.00
-15171.00 -15031.00
-15080.00 -15028.00
-14907.00 -15022.00
-15003.00 -15017.00
-15022.00 -15030.00
-14994.00 -15021.00
-14936.00 -15015.00
-14856.00 -14996.00
-15117.00 -15018.00
-14685.00 -14973.00
-15022.00 -14969.00
-15107.00 -14986.00
-15044.00 -15015.00
-15108.00 -15002.00
-14990.00 -15029.00
-14985.00 -15021.00
-15014.00 -15014.00
-15035.00 -15016.00
-15192.00 -15044.00
-15067.00 -15048.00
-15123.00 -15061.00
-15101.00 -15061.00
-14987.00 -15060.00
-14991.00 -15030.00
-14955.00 -15022.00
-14930.00 -15023.00
-14916.00 -15012.00
-15129.00 -15015.00
-15025.00 -15015.00
-14886.00 -14976.00
-15062.00 -14964.00
-14975.00 -14963.00
-15007.00 -14958.00
-15069.00 -14965.00
-15059.00 -15027.00
-14998.00 -15034.00
-15060.00 -15046.00
-15028.00 -15043.00
-14985.00 -15017.00
-15005.00 -15013.00
-15018.00 -15013.00
-15104.00 -15022.00
-15073.00 -15036.00
-14936.00 -15043.00
-14995.00 -15033.00
-15061.00 -15039.00
-15080.00 -15015.00
-15068.00 -15014.00
-14753.00 -14990.00
-15076.00 -15001.00
-15006.00 -14989.00
-15019.00 -14991.00
-14954.00 -14982.00
-14950.00 -14995.00
-15059.00 -14979.00
-15015.00 -14983.00
-15007.00 -14997.00
-15014.00 -15000.00
-15002.00 -15018.00
-14950.00 -15027.00
-15136.00 -15041.00
-15156.00 -15032.00
-15060.00 -15030.00
-14997.00 -15009.00
-15067.00 -15012.00
-14784.00 -14968.00
-15028.00 -14963.00
-15152.00 -14988.00
-15035.00 -14977.00
-15029.00 -14977.00
-15047.00 -15011.00
-15113.00 -15026.00
-14962.00 -14996.00
-14984.00 -15019.00
-14970.00 -15025.00
-15053.00 -15022.00
-15024.00 -15016.00
-15115.00 -15032.00
-15160.00 -15060.00
-14989.00 -15032.00
-14889.00 -15029.00
-15075.00 -15028.00
-14929.00 -15005.00
-15096.00 -15000.00
-15036.00 -15031.00
-14938.00 -15008.00
-14933.00 -15004.00
-14829.00 -14993.00
-15081.00 -14979.00
-15044.00 -14966.00
-15162.00 -15013.00
-14944.00 -15014.00
-14998.00 -15039.00
-15056.00 -15053.00
-15003.00 -15037.00
-15172.00 -15036.00
-14965.00 -15035.00
-15011.00 -15028.00
-15172.00 -15038.00
-14977.00 -15037.00
-15036.00 -15020.00
-15036.00 -15022.00
-14966.00 -15003.00
-14933.00 -14969.00
-14825.00 -14954.00
-14945.00 -14941.00
-15010.00 -14945.00
-15033.00 -14971.00
-15047.00 -14981.00
-15119.00 -15018.00
-14917.00 -15035.00
-15045.00 -15028.00
-15039.00 -15023.00
-15084.00 -15025.00
-14998.00 -15015.00
-15104.00 -15019.00
-15019.00 -15015.00
-14925.00 -15014.00
-15041.00 -15021.00
-15087.00 -15024.00
-15071.00 -15019.00
-14820.00 -14986.00
-14973.00 -14989.00
-15064.00 -14979.00
-15023.00 -14944.00
-15015.00 -14938.00
-15091.00 -14985.00
-15011.00 -14995.00
-15005.00 -14989.00
-14977.00 -15011.00
-15158.00 -15022.00
-14974.00 -15020.00
-14989.00 -15002.00
-14962.00 -15011.00
-15032.00 -15031.00
-14982.00 -15011.00
-14929.00 -14998.00
-14930.00 -15009.00
-14796.00 -14980.00
-15093.00 -14977.00
-15039.00 -14992.00
-15018.00 -14988.00
-14961.00 -14981.00
-14798.00 -14981.00
-15062.00 -14987.00
-14854.00 -14972.00
-15036.00 -14982.00
-15096.00 -14997.00
-14982.00 -15024.00
-15116.00 -15023.00
-15048.00 -15042.00
-15037.00 -15050.00
-15067.00 -15054.00
-14914.00 -15042.00
-15033.00 -15041.00
-14955.00 -15030.00
-14964.00 -15015.00
-15002.00 -15002.00
-15082.00 -15005.00
-15157.00 -15012.00
-14596.00 -14972.00
-15052.00 -14971.00
-14966.00 -14967.00
-15039.00 -14943.00
-14934.00 -14920.00
-14925.00 -14953.00
-15149.00 -14977.00
-15092.00 -14993.00
-15015.00 -15020.00
-15002.00 -15032.00
-14961.00 -15024.00
-14995.00 -15007.00
-14929.00 -14983.00
-15022.00 -14982.00
-14888.00 -14962.00
-15100.00 -14986.00
-15041.00 -14981.00
-14843.00 -14983.00
-15084.00 -15001.00
-15105.00 -15027.00
-14986.00 -15014.00
-15101.00 -15035.00
-14729.00 -15016.00
-14906.00 -14994.00
-15027.00 -15003.00
-15065.00 -15015.00
-14965.00 -15001.00
-15044.00 -15020.00
-14949.00 -15017.00
-15015.00 -15007.00
-14985.00 -15006.00
-14973.00 -15009.00
-15014.00 -15015.00
-14934.00 -15010.00
-14941.00 -14987.00
-14955.00 -14983.00
-14965.00 -14983.00
-14946.00 -14979.00
-15005.00 -14984.00
-14897.00 -15004.00
-15076.00 -15009.00
-15108.00 -15018.00
-14975.00 -14995.00
-14962.00 -15000.00
-14960.00 -15008.00
-15044.00 -15018.00
-15084.00 -15020.00
-14921.00 -15039.00
-14989.00 -15031.00
-15056.00 -15031.00
-14974.00 -15001.00
-14985.00 -14979.00
-15104.00 -15005.00
-15043.00 -15023.00
-15045.00 -15016.00
-14950.00 -15026.00
-14941.00 -15012.00
-15039.00 -14986.00
-14922.00 -14966.00
-14968.00 -14914.00
-15064.00 -14936.00
-14651.00 -14916.00
-14948.00 -14919.00
-14982.00 -14946.00
-15036.00 -14996.00
-15051.00 -14980.00
-14934.00 -15014.00
-14889.00 -15020.00
-15027.00 -15006.00
-14964.00 -15007.00
-14973.00 -15004.00
-14971.00 -15012.00
-15071.00 -15024.00
-15047.00 -15027.00
-14966.00 -15032.00
-14905.00 -15031.00
-14986.00 -15020.00
-15067.00 -15013.00
-14601.00 -14967.00
-15019.00 -14951.00
-14960.00 -14962.00
-14868.00 -14960.00
-15109.00 -14962.00
-15093.00 -15020.00
-15126.00 -15034.00
-15075.00 -15036.00
-14953.00 -15035.00
-14948.00 -15018.00
-15064.00 -15008.00
-15009.00 -14998.00
-15045.00 -14979.00
-15069.00 -14990.00
-14978.00 -15001.00
-14955.00 -14991.00
-15075.00 -15007.00
-14898.00 -15006.00
-15048.00 -15001.00
-15056.00 -14998.00
-14997.00 -14981.00
-15068.00 -14971.00
-14948.00 -14976.00
-15126.00 -14982.00
-14985.00 -14988.00
-14961.00 -15002.00
-15085.00 -14991.00
-15055.00 -14997.00
-15084.00 -15006.00
-15072.00 -15009.00
-14969.00 -15022.00
-14966.00 -15020.00
-14923.00 -15015.00
-15009.00 -15018.00
-15023.00 -15017.00
-15113.00 -15018.00
-15025.00 -15018.00
-14986.00 -15006.00
-14973.00 -14995.00
-14744.00 -14971.00
-15072.00 -14973.00
-14898.00 -14963.00
-14945.00 -14977.00
-14998.00 -14964.00
-15029.00 -14984.00
-15071.00 -14994.00
-15049.00 -15017.00
