-14289.00 3983.00
-32760.00 -18507.00
-32760.00 -22031.00
-32760.00 -25569.00
-32760.00 -29152.00
-32760.00 -32760.00
-18516.00 -30927.00
-5345.00 -26033.00
4759.00 -19051.00
12524.00 -10343.00
15480.00 -785.00
17463.00 7354.00
17051.00 12356.00
12839.00 14899.00
5463.00 14082.00
719.00 11573.00
-19754.00 5562.00
-32760.00 -4332.00
-32760.00 -13858.00
-32760.00 -21748.00
-32760.00 -28797.00
-32760.00 -32760.00
-22452.00 -31729.00
-2793.00 -26731.00
10893.00 -18688.00
19769.00 -8577.00
28368.00 3249.00
32716.00 15116.00
27827.00 22623.00
17348.00 25198.00
6788.00 23340.00
-14601.00 16849.00
-32760.00 3952.00
-32760.00 -8552.00
-32760.00 -19170.00
-32760.00 -27423.00
-32760.00 -32760.00
-24579.00 -31941.00
-10382.00 -28103.00
1110.00 -21900.00
7866.00 -14161.00
14321.00 -5007.00
18801.00 4263.00
21957.00 11296.00
19293.00 15609.00
18008.00 18293.00
3863.00 17284.00
-11582.00 12313.00
-32760.00 2301.00
-32760.00 -8213.00
-32760.00 -18636.00
-32760.00 -26781.00
-32760.00 -31900.00
-32129.00 -32696.00
-13465.00 -29729.00
-909.00 -23922.00
9077.00 -16026.00
17989.00 -6278.00
21064.00 4281.00
26589.00 12849.00
26491.00 19111.00
17459.00 21658.00
9348.00 21079.00
-15166.00 15068.00
-32760.00 4181.00
-32760.00 -7886.00
-32760.00 -18329.00
-32760.00 -27498.00
-32760.00 -32110.00
-24687.00 -31952.00
-8709.00 -27915.00
2811.00 -21304.00
12472.00 -12674.00
14253.00 -3284.00
17412.00 5721.00
19936.00 12138.00
18619.00 15862.00
9899.00 16494.00
-2155.00 13643.00
-16885.00 8268.00
-32760.00 -2186.00
-32760.00 -12521.00
-32760.00 -21783.00
-32760.00 -28322.00
-32760.00 -32760.00
-26534.00 -32137.00
-10079.00 -28448.00
1807.00 -22003.00
11435.00 -13730.00
16927.00 -3889.00
24181.00 6502.00
27048.00 14595.00
23595.00 19845.00
12296.00 21069.00
2004.00 18687.00
-21017.00 11255.00
-32760.00 -525.00
-32760.00 -12220.00
-32760.00 -21718.00
-32760.00 -29177.00
-32760.00 -32760.00
-19364.00 -31164.00
-5050.00 -26159.00
2415.00 -19476.00
12720.00 -10937.00
15637.00 -1190.00
18520.00 7181.00
21650.00 13106.00
14985.00 16297.00
11591.00 16852.00
7559.00 15365.00
-13565.00 10419.00
-32760.00 -103.00
-32760.00 -9977.00
-32760.00 -19071.00
-32760.00 -27331.00
-32760.00 -32352.00
-19438.00 -31401.00
-1283.00 -25887.00
12692.00 -17526.00
23131.00 -6764.00
30888.00 5678.00
32760.00 17424.00
31155.00 24853.00
17439.00 27291.00
-2899.00 23621.00
-32760.00 12849.00
-32760.00 -255.00
-32760.00 -13198.00
-32760.00 -23997.00
-32760.00 -31089.00
-29723.00 -32456.00
-11945.00 -29022.00
-2612.00 -23441.00
8378.00 -15735.00
10568.00 -7035.00
13884.00 1719.00
18779.00 8408.00
18762.00 13243.00
13994.00 14997.00
14084.00 15750.00
-5033.00 13311.00
-27137.00 5630.00
-32760.00 -4785.00
-32760.00 -14245.00
-32760.00 -23698.00
-32760.00 -30319.00
-29864.00 -32470.00
-7500.00 -28470.00
3290.00 -21708.00
14422.00 -12931.00
22816.00 -2020.00
23143.00 8757.00
24183.00 16176.00
18629.00 20071.00
13036.00 20682.00
-4326.00 16494.00
-23108.00 8209.00
-32760.00 -3209.00
-32760.00 -13866.00
-32760.00 -23254.00
-32760.00 -29977.00
-32760.00 -32760.00
-16969.00 -30719.00
-1096.00 -25010.00
8388.00 -17370.00
23244.00 -6853.00
22277.00 4432.00
16796.00 12395.00
21515.00 17393.00
12475.00 19494.00
1840.00 16479.00
-13454.00 9811.00
-32175.00 1121.00
-32760.00 -9586.00
-32760.00 -19326.00
-32760.00 -26829.00
-32760.00 -31446.00
-32164.00 -32700.00
-11038.00 -29356.00
992.00 -23043.00
11227.00 -14782.00
22367.00 -4278.00
22764.00 6756.00
22415.00 14557.00
21304.00 19213.00
9027.00 20047.00
-2348.00 16125.00
-18942.00 8833.00
-32760.00 -2311.00
-32760.00 -13279.00
-32760.00 -22374.00
-32760.00 -28957.00
-32760.00 -32760.00
-19838.00 -31202.00
1231.00 -25319.00
10765.00 -16989.00
20180.00 -6956.00
22616.00 4200.00
20495.00 13313.00
20395.00 18110.00
13124.00 19440.00
3212.00 17020.00
-18189.00 10276.00
-32760.00 -393.00
-32760.00 -11074.00
-32760.00 -20734.00
-32760.00 -28346.00
-32760.00 -32760.00
-21125.00 -31595.00
-5876.00 -26915.00
2262.00 -20210.00
11547.00 -11893.00
21654.00 -1421.00
27752.00 9290.00
27254.00 16605.00
26054.00 21842.00
11823.00 23174.00
-4303.00 19214.00
-27654.00 9593.00
-32760.00 -2400.00
-32760.00 -14343.00
-32760.00 -23991.00
-32760.00 -30504.00
-32760.00 -32760.00
-10361.00 -29897.00
4591.00 -22830.00
13431.00 -14193.00
24963.00 -3112.00
24080.00 8449.00
23837.00 16773.00
20995.00 20702.00
10799.00 21330.00
-1144.00 17231.00
-12036.00 10597.00
-32760.00 -408.00
-32760.00 -11404.00
-32760.00 -20669.00
-32760.00 -27650.00
-32760.00 -32579.00
-24590.00 -31943.00
-3548.00 -27012.00
7207.00 -19496.00
18408.00 -9794.00
26100.00 1676.00
27944.00 13067.00
18691.00 18894.00
20992.00 22038.00
2679.00 20498.00
-3893.00 14824.00
-26220.00 5604.00
-32760.00 -5152.00
-32760.00 -15813.00
-32760.00 -23975.00
-32760.00 -29772.00
-28374.00 -32321.00
-5060.00 -27774.00
8376.00 -20149.00
17940.00 -10488.00
23377.00 647.00
23855.00 11464.00
23884.00 18366.00
11714.00 20210.00
10135.00 19142.00
-7059.00 14108.00
-31420.00 4203.00
-32760.00 -7246.00
-32760.00 -16715.00
-32760.00 -25308.00
-32760.00 -31410.00
-32760.00 -32760.00
-18868.00 -31081.00
-1932.00 -25662.00
5534.00 -18250.00
18781.00 -8546.00
24967.00 2760.00
27734.00 13042.00
28197.00 19914.00
16373.00 22959.00
3901.00 21163.00
-3068.00 16266.00
-32760.00 5752.00
-32760.00 -6538.00
-32760.00 -16996.00
-32760.00 -24903.00
-32760.00 -31314.00
-27214.00 -32205.00
-10085.00 -28497.00
4512.00 -21564.00
10159.00 -13276.00
20984.00 -2999.00
24904.00 7841.00
22464.00 15268.00
19152.00 18766.00
19018.00 21048.00
-8496.00 17085.00
-17380.00 8895.00
-32760.00 -1852.00
-32760.00 -12283.00
-32760.00 -22853.00
-32760.00 -29166.00
-32760.00 -32372.00
-16260.00 -30580.00
385.00 -24652.00
9239.00 -16696.00
19757.00 -6696.00
28338.00 5156.00
27699.00 15068.00
26183.00 21124.00
19276.00 24164.00
3651.00 22227.00
5827.00 18288.00
-32760.00 8091.00
-32760.00 -3892.00
-32760.00 -14889.00
-32760.00 -22952.00
-32760.00 -30865.00
-32760.00 -32760.00
-14753.00 -30184.00
424.00 -24236.00
12453.00 -15774.00
22424.00 -5290.00
27756.00 6761.00
29880.00 16514.00
24787.00 22576.00
9680.00 23353.00
-136.00 19798.00
-12133.00 12649.00
-32760.00 711.00
-32760.00 -11297.00
-32760.00 -20537.00
-32760.00 -27465.00
-32760.00 -32368.00
-19375.00 -31371.00
-1984.00 -26032.00
8031.00 -18252.00
15276.00 -9014.00
23484.00 1770.00
24287.00 11940.00
23717.00 17755.00
17397.00 20591.00
9151.00 19897.00
2148.00 16798.00
-26582.00 7820.00
-32760.00 -3333.00
-32760.00 -13949.00
-32760.00 -22492.00
-32760.00 -30179.00
-32760.00 -32760.00
-18058.00 -30916.00
-2982.00 -25494.00
8063.00 -17853.00
15509.00 -8517.00
21247.00 2001.00
24687.00 11499.00
24804.00 17683.00
13405.00 19977.00
5260.00 18570.00
-12411.00 13410.00
-32760.00 2414.00
-32760.00 -9190.00
-32760.00 -19125.00
-32760.00 -27055.00
-32760.00 -32413.00
-25886.00 -32072.00
-15920.00 -29112.00
-4561.00 -24140.00
10595.00 -16067.00
19415.00 -6023.00
26721.00 4760.00
29370.00 14146.00
27473.00 21449.00
14224.00 23449.00
5420.00 21380.00
-25845.00 13232.00
-32760.00 886.00
-32760.00 -11388.00
-32760.00 -21462.00
-32760.00 -29437.00
-31829.00 -32666.00
-10722.00 -29166.00
1343.00 -22908.00
10999.00 -14606.00
21252.00 -4303.00
24109.00 6955.00
25932.00 15038.00
19883.00 19756.00
12003.00 20714.00
4879.00 18388.00
-23512.00 10617.00
-32760.00 -965.00
-32760.00 -11941.00
-32760.00 -21201.00
-32760.00 -29177.00
-32760.00 -32760.00
-23020.00 -31782.00
-5118.00 -27139.00
10255.00 -19266.00
20536.00 -9024.00
28512.00 2786.00
30483.00 14523.00
22647.00 21426.00
15775.00 23534.00
11837.00 22438.00
-9717.00 16428.00
-32760.00 4642.00
-32760.00 -6903.00
-32760.00 -16884.00
-32760.00 -26030.00
-32760.00 -31831.00
-32739.00 -32757.00
-8384.00 -29085.00
2363.00 -22424.00
15059.00 -13599.00
24469.00 -2331.00
26060.00 9352.00
23914.00 17180.00
17041.00 20805.00
11263.00 21186.00
-7482.00 15970.00
-23801.00 6869.00
-32760.00 -4629.00
-32760.00 -14916.00
-32760.00 -24122.00
-32760.00 -30173.00
-31852.00 -32669.00
-8182.00 -28766.00
3316.00 -21993.00
14998.00 -13048.00
26861.00 -1601.00
28837.00 10625.00
25855.00 18678.00
19660.00 22698.00
12249.00 23055.00
2775.00 19403.00
-26360.00 10045.00
-32760.00 -1910.00
-32760.00 -12704.00
-32760.00 -22005.00
-32760.00 -29800.00
-32760.00 -32760.00
-17898.00 -30722.00
-5743.00 -25799.00
2573.00 -19272.00
15299.00 -10264.00
18196.00 -224.00
24727.00 8878.00
23746.00 15523.00
18010.00 19386.00
14545.00 20105.00
-3397.00 16837.00
-26019.00 8349.00
-32760.00 -3219.00
-32760.00 -13608.00
-32760.00 -23335.00
-32760.00 -30107.00
-32760.00 -32760.00
-17089.00 -30732.00
-765.00 -25040.00
8692.00 -17308.00
17355.00 -7665.00
26172.00 3662.00
30962.00 14291.00
22751.00 20141.00
15089.00 22349.00
6184.00 21079.00
-6235.00 15732.00
-32760.00 4220.00
-32760.00 -7322.00
-32760.00 -17261.00
-32760.00 -25634.00
-32760.00 -31616.00
-32760.00 -32760.00
-14025.00 -29980.00
-3686.00 -24629.00
7979.00 -17112.00
20829.00 -6877.00
18860.00 3501.00
26644.00 12244.00
22455.00 18399.00
13461.00 20543.00
5763.00 18544.00
-12701.00 13106.00
-32760.00 2533.00
-32760.00 -8972.00
-32760.00 -18633.00
-32760.00 -26869.00
-32760.00 -31810.00
-25072.00 -31991.00
-2875.00 -27003.00
6383.00 -19567.00
17427.00 -10154.00
27804.00 1512.00
29164.00 13116.00
22437.00 19603.00
10661.00 21468.00
5629.00 20019.00
-1079.00 15192.00
-19144.00 6468.00
-32760.00 -5005.00
-32760.00 -14306.00
-32760.00 -22270.00
-32760.00 -29110.00
-32760.00 -32760.00
-13904.00 -30076.00
856.00 -23842.00
9079.00 -16008.00
19001.00 -6096.00
22083.00 4782.00
20317.00 12874.00
19442.00 17078.00
17259.00 19406.00
5273.00 17931.00
-593.00 13596.00
-32506.00 4925.00
-32760.00 -5512.00
-32760.00 -15674.00
-32760.00 -24111.00
-32760.00 -30655.00
-32760.00 -32760.00
-18104.00 -30533.00
-7449.00 -26061.00
3920.00 -19291.00
14913.00 -10277.00
27643.00 1103.00
32760.00 11981.00
27623.00 19910.00
20070.00 24131.00
4863.00 23399.00
-7508.00 17584.00
-32760.00 5991.00
-32760.00 -6410.00
-32760.00 -17401.00
-32760.00 -25682.00
-32760.00 -31248.00
-32760.00 -32760.00
-21352.00 -31405.00
-6264.00 -26841.00
4749.00 -19865.00
18539.00 -10301.00
19968.00 373.00
24540.00 10050.00
21556.00 16787.00
13659.00 19376.00
5280.00 17986.00
-10452.00 12578.00
-24851.00 3926.00
-32760.00 -7374.00
-32760.00 -16939.00
-32760.00 -25113.00
-32760.00 -30380.00
-32760.00 -32760.00
-14724.00 -30094.00
675.00 -24052.00
10355.00 -15885.00
13967.00 -6685.00
24972.00 4244.00
19986.00 12594.00
18495.00 16836.00
13245.00 18207.00
6863.00 17224.00
-8617.00 12213.00
-32760.00 2305.00
-32760.00 -7979.00
-32760.00 -17516.00
-32760.00 -25733.00
-32760.00 -31652.00
-32020.00 -32686.00
-12344.00 -29499.00
-288.00 -23531.00
11643.00 -15225.00
17742.00 -5359.00
23793.00 5519.00
24282.00 13839.00
15751.00 17847.00
16735.00 19640.00
-2181.00 16919.00
-13097.00 10275.00
-32760.00 158.00
-32760.00 -9818.00
-32760.00 -19917.00
-32760.00 -27063.00
-32760.00 -31371.00
-30684.00 -32552.00
-11861.00 -29261.00
-2795.00 -23772.00
6435.00 -16353.00
12324.00 -7647.00
21528.00 2537.00
21593.00 10306.00
16396.00 14856.00
14512.00 17070.00
3893.00 16264.00
-10051.00 11286.00
-27342.00 2268.00
-32760.00 -7769.00
-32760.00 -17403.00
-32760.00 -25303.00
-32760.00 -30717.00
-32760.00 -32760.00
-14898.00 -30355.00
-3172.00 -24966.00
8055.00 -17358.00
17935.00 -7638.00
20465.00 2892.00
29257.00 12501.00
27893.00 19499.00
17352.00 22382.00
13581.00 22080.00
-3064.00 18606.00
-31077.00 8204.00
-32760.00 -4182.00
-32760.00 -14673.00
-32760.00 -24091.00
-32760.00 -31149.00
-32760.00 -32760.00
-21931.00 -31447.00
-7695.00 -27013.00
7622.00 -19750.00
19911.00 -9761.00
28372.00 2081.00
32760.00 13734.00
31001.00 22228.00
13735.00 24986.00
6952.00 23254.00
-12573.00 16639.00
-30112.00 5073.00
-32760.00 -7854.00
-32760.00 -17875.00
-32760.00 -26132.00
-32760.00 -31361.00
-32760.00 -32760.00
-13217.00 -29720.00
-376.00 -23767.00
8727.00 -15916.00
16717.00 -6384.00
18816.00 3869.00
20839.00 11352.00
26560.00 17057.00
16072.00 19885.00
3080.00 17802.00
-11884.00 13113.00
-32760.00 2590.00
-32760.00 -9067.00
-32760.00 -19746.00
-32760.00 -27195.00
-32760.00 -32760.00
-24795.00 -31943.00
-8088.00 -27780.00
1580.00 -21352.00
13699.00 -12896.00
21224.00 -2126.00
23180.00 7848.00
25894.00 15456.00
14849.00 19011.00
15876.00 20199.00
3028.00 17356.00
-15396.00 10930.00
-32760.00 -290.00
-32760.00 -10273.00
-32760.00 -19917.00
-32760.00 -27844.00
-32760.00 -32209.00
-22940.00 -31778.00
-6211.00 -27261.00
4698.00 -20377.00
10904.00 -11832.00
16929.00 -2354.00
21316.00 7433.00
23528.00 13991.00
14773.00 17295.00
14067.00 17855.00
928.00 16234.00
-12357.00 9984.00
-24304.00 1351.00
-32760.00 -8836.00
-32760.00 -17942.00
-32760.00 -25798.00
-32760.00 -30319.00
-32760.00 -32760.00
-16265.00 -30420.00
-1956.00 -25002.00
9545.00 -16887.00
17195.00 -7444.00
27460.00 4259.00
25424.00 13716.00
24624.00 19939.00
14708.00 21786.00
6146.00 20709.00
-12928.00 13890.00
-32760.00 3039.00
-32760.00 -8602.00
-32760.00 -18564.00
-32760.00 -26930.00
-32760.00 -31815.00
-27225.00 -32206.00
-16176.00 -29255.00
-5703.00 -24433.00
7411.00 -17055.00
15689.00 -7678.00
15915.00 1497.00
25548.00 9629.00
21532.00 16296.00
11996.00 18061.00
8056.00 17499.00
-20842.00 11499.00
-32760.00 634.00
-32760.00 -10854.00
-32760.00 -19997.00
-32760.00 -28812.00
-32760.00 -32542.00
-29553.00 -32439.00
-12841.00 -29243.00
-577.00 -23378.00
9202.00 -15438.00
15382.00 -6211.00
23027.00 4283.00
23485.00 12511.00
21522.00 17515.00
13740.00 19425.00
8706.00 18664.00
-18411.00 12546.00
-32760.00 1123.00
-32760.00 -9745.00
-32760.00 -19595.00
-32760.00 -28062.00
-32760.00 -32760.00
-28532.00 -32337.00
-11623.00 -28895.00
-2104.00 -23090.00
4335.00 -16124.00
17612.00 -6623.00
20147.00 3373.00
27099.00 11608.00
21373.00 17113.00
17376.00 20239.00
13222.00 20368.00
-2323.00 16964.00
-25173.00 8140.00
-32760.00 -3169.00
-32760.00 -13261.00
-32760.00 -22891.00
-32760.00 -29907.00
-32760.00 -32760.00
-26518.00 -32135.00
-11304.00 -28561.00
420.00 -22445.00
4586.00 -15133.00
13084.00 -6508.00
28508.00 4430.00
28766.00 13309.00
25707.00 18958.00
24063.00 23235.00
6711.00 23454.00
-9235.00 17454.00
-32760.00 6230.00
-32760.00 -5534.00
-32760.00 -17122.00
-32760.00 -25966.00
-32760.00 -31530.00
-32760.00 -32760.00
-10155.00 -29343.00
675.00 -23112.00
10070.00 -15128.00
23953.00 -4447.00
28204.00 7732.00
22730.00 15676.00
20092.00 20120.00
11775.00 21524.00
-565.00 17969.00
-23057.00 9044.00
-32760.00 -2316.00
-32760.00 -12991.00
-32760.00 -22378.00
-32760.00 -29505.00
-32760.00 -32760.00
-22056.00 -31586.00
-8640.00 -27261.00
3701.00 -20628.00
12040.00 -11961.00
19800.00 -1942.00
28237.00 8660.00
24652.00 16128.00
21499.00 20475.00
14171.00 21682.00
-785.00 18844.00
-21139.00 10547.00
-32760.00 -1245.00
-32760.00 -12225.00
-32760.00 -22099.00
-32760.00 -29280.00
-32760.00 -32760.00
-21915.00 -31627.00
-6878.00 -27078.00
-1057.00 -21021.00
9787.00 -13169.00
17951.00 -3344.00
22903.00 6326.00
29495.00 14048.00
21401.00 19408.00
16669.00 21608.00
6211.00 20460.00
-15517.00 14304.00
-32760.00 2274.00
-32760.00 -9143.00
-32760.00 -19194.00
-32760.00 -27872.00
-32760.00 -32518.00
-24389.00 -31922.00
-5915.00 -27265.00
3940.00 -20433.00
21512.00 -10488.00
29871.00 1854.00
32760.00 14063.00
31469.00 22381.00
23176.00 27333.00
7745.00 26298.00
-8640.00 19606.00
-32760.00 7603.00
-32760.00 -5371.00
-32760.00 -17156.00
-32760.00 -26066.00
-32760.00 -31717.00
-32760.00 -32760.00
-16991.00 -30505.00
-3252.00 -25317.00
10725.00 -17264.00
19000.00 -7295.00
27683.00 4414.00
30653.00 14785.00
24369.00 21481.00
25019.00 24677.00
11905.00 24887.00
-17208.00 17607.00
-32760.00 5071.00
-32760.00 -6812.00
-32760.00 -18060.00
-32760.00 -28239.00
-32760.00 -32669.00
-30200.00 -32504.00
-9633.00 -28752.00
-987.00 -22678.00
10736.00 -14779.00
27783.00 -3420.00
32760.00 9290.00
31491.00 18515.00
20053.00 23697.00
8715.00 24548.00
1296.00 20415.00
-19309.00 11406.00
-32760.00 -1570.00
-32760.00 -12825.00
-32760.00 -21576.00
-32760.00 -28801.00
-32760.00 -32760.00
-25872.00 -32071.00
-6734.00 -27752.00
5132.00 -20722.00
18509.00 -11224.00
30340.00 815.00
32760.00 13230.00
25233.00 20981.00
19546.00 24566.00
12125.00 24556.00
-4750.00 19085.00
-28885.00 8063.00
-32760.00 -4005.00
-32760.00 -14620.00
-32760.00 -24108.00
-32760.00 -30677.00
-32760.00 -32760.00
-14628.00 -30268.00
1087.00 -24134.00
7312.00 -16407.00
12953.00 -7637.00
19651.00 2559.00
23172.00 11160.00
20063.00 15768.00
19937.00 18527.00
13271.00 19422.00
31.00 16471.00
-25160.00 8342.00
-32760.00 -2399.00
-32760.00 -12885.00
-32760.00 -22550.00
-32760.00 -29796.00
-32760.00 -32760.00
-20060.00 -31155.00
-5643.00 -26324.00
3675.00 -19544.00
16953.00 -10313.00
22829.00 642.00
23463.00 10251.00
20856.00 16325.00
13819.00 19261.00
8932.00 18664.00
136.00 14740.00
-16568.00 7845.00
-32760.00 -3059.00
-32760.00 -12776.00
-32760.00 -21410.00
-32760.00 -28442.00
-32760.00 -32760.00
-25459.00 -32029.00
-9131.00 -28005.00
-244.00 -21950.00
16653.00 -12967.00
23898.00 -1867.00
30836.00 9708.00
29625.00 18470.00
16603.00 22819.00
14201.00 23232.00
4400.00 20158.00
-13601.00 12702.00
-32760.00 294.00
-32760.00 -10110.00
-32760.00 -19506.00
-32760.00 -27533.00
-32760.00 -32382.00
-31524.00 -32636.00
-15392.00 -29829.00
-9148.00 -25376.00
989.00 -19210.00
9881.00 -11009.00
17041.00 -1627.00
29999.00 7464.00
31411.00 15980.00
20255.00 21056.00
10090.00 22006.00
-9607.00 18226.00
-32760.00 7215.00
-32760.00 -5753.00
-32760.00 -16994.00
-32760.00 -26146.00
-32760.00 -31872.00
-26196.00 -32103.00
-2529.00 -27112.00
11111.00 -19014.00
26416.00 -7978.00
32760.00 5091.00
28284.00 17091.00
18458.00 22715.00
16671.00 24541.00
7716.00 22240.00
-10036.00 14587.00
-30212.00 3631.00
-32760.00 -6984.00
-32760.00 -16908.00
-32760.00 -25643.00
-32760.00 -31060.00
-32760.00 -32760.00
-12592.00 -29953.00
636.00 -23765.00
11751.00 -15487.00
24696.00 -4650.00
32760.00 8127.00
25440.00 17549.00
15279.00 21312.00
10161.00 21950.00
-2248.00 17947.00
-22584.00 8443.00
-32760.00 -3784.00
-32760.00 -13735.00
-32760.00 -22652.00
-32760.00 -29486.00
-32760.00 -32760.00
-24101.00 -31891.00
-8324.00 -27718.00
3267.00 -21071.00
14855.00 -12125.00
22238.00 -1424.00
23135.00 8862.00
24226.00 16099.00
17096.00 19861.00
14762.00 20477.00
1608.00 17457.00
-20164.00 10136.00
-32760.00 -1272.00
-32760.00 -11682.00
-32760.00 -21243.00
-32760.00 -28925.00
-32760.00 -32760.00
-25989.00 -32082.00
-13618.00 -28773.00
-4009.00 -23493.00
5871.00 -16338.00
15253.00 -7140.00
23157.00 3017.00
24976.00 11160.00
25253.00 17545.00
16666.00 20877.00
3279.00 19519.00
-17897.00 12992.00
-32760.00 1539.00
-32760.00 -10125.00
-32760.00 -20611.00
-32760.00 -28452.00
-32760.00 -32760.00
-21701.00 -31493.00
-3758.00 -26512.00
3983.00 -19411.00
