-0.00 0.02 -0.94
-0.00 0.02 -0.94
-0.00 0.02 -0.94
-0.01 0.02 -0.94
-0.00 0.02 -0.94
-0.01 0.02 -0.94
-0.01 0.02 -0.93
-0.00 0.02 -0.94
-0.01 0.02 -0.94
-0.01 0.03 -0.94
-0.00 0.03 -0.94
-0.00 0.02 -0.94
-0.01 0.03 -0.94
0.00 0.02 -0.94
-0.00 0.02 -0.94
-0.00 0.02 -0.94
0.00 0.02 -0.93
0.00 0.02 -0.93
-0.00 0.02 -0.94
-0.01 0.01 -0.95
0.00 0.02 -0.94
-0.01 0.02 -0.93
-0.01 0.02 -0.94
-0.00 0.02 -0.94
0.00 0.02 -0.94
-0.00 0.03 -0.93
-0.01 0.02 -0.94
-0.00 0.02 -0.94
-0.00 0.02 -0.94
-0.00 0.01 -0.94
0.00 0.02 -0.92
